3324402
4677965
2450177
3999634
1865773
4675247
2029695
2639114
3983209
1028363
167685
4675250
4736760
407736
832596
3381882
2474599
619706
638850
4739186
4740837
4743189
4742190
4664298
4666754
4527642
4669206
1367148
3375446
211557
2603636
3720583
4024688
3722763
3912315
3755243
3940592
434668
3818162
3085649
4159674
4736761
3646139
920267
2683442
3807467
4739187
673552
4154950
4677981
4740838
4669207
4671824
4020228
3847537
3809059
3824190
3739824
3791277
3803430
3804155
3942031
3970916
3710676
3829434
3865868
3771753
3752728
3783719
3944268
4023052
3716104
4696450
1128436
4044362
4742191
3459941
3576393
2624011
4736762
1901567
3509351
4739188
1834959
4666756
4095451
1934343
1396256
2374795
4671825
3336576
4742192
3838357
270011
4669208
4661850
2154596
4743709
4744017
1803376
3953819
4744159
3728973
4674625
4045053
3908206
3768755
3704306
3999186
3997559
1780492
4743190
788514
1881952
3857099
2367766
3709649
4702613
2257088
4736763
1867342
4739189
209699
4664299
4740839
4674626
4666761
4666758
4669210
4743182
4671826
4742193
3733259
3728381
4028038
3883410
3885645
3840804
3929247
3880878
3768062
3981032
3982338
3862988
4004758
3807722
3901245
3877067
3864923
4032846
955368
3673346
4143212
4666759
86608
3717023
4736764
4675249
3531833
944138
1440917
4739190
4450734
2547437
3468742
2077110
4740840
4556139
3894701
677536
4671827
224796
4742194
4674627
3284996
3895093
4038371
3913802
3955441
3922812
4017886
3711330
3951631
3972946
3931627
3825003
3982158
4010748
3748322
4744010
3106539
2335848
3764756
4675251
4739191
1839212
4675257
3506250
3172752
4703233
4661852
1970870
4671829
4661866
2899794
4666760
2367274
4669211
4736765
4686147
4039192
4674629
3499813
3854372
3883128
3770557
3963014
3967739
3815316
3882532
3940525
3821068
3710111
3846552
4740841
3737320
4743191
2069053
3775454
4736766
4702606
3461545
3734303
732624
3959315
1510928
1262895
485815
2735922
1698329
4144954
2561910
3244854
2117771
4675253
4671830
4736768
843565
4674631
3759761
3990967
3725804
3912231
4686148
4680602
2903242
4680604
4680616
4683399
1620160
868703
3992241
2704848
1882338
4702627
4736767
3959924
3831544
1478578
1732886
2669351
1074991
1614988
1697859
540693
4165284
4742195
1312987
1733784
4743712
4674632
3911766
3704434
3752140
4028044
3815906
4039822
3943896
3914926
4001839
3838211
3942002
3726153
4675271
4743192
4675268
4675252
4695161
4744021
2037964
4008297
3936067
4739193
1999170
4736769
4344895
4703485
117975
4742164
1780990
4740842
3915570
4666763
1509839
2288274
4743664
3747513
1677582
3896584
4674633
4674635
3717688
3725610
3789463
3860955
3764985
4030492
3945871
4045730
3941741
3907188
3804502
3862055
3894167
3775613
3709744
3959679
3730842
3861069
3715653
2247882
4680605
174766
4688831
4736770
1720470
2660941
4675258
4675254
267300
4739194
1370264
2220121
4677982
4021694
4669214
3289570
4739203
4674634
3993082
3741021
3722087
3818439
3814494
3975706
4004447
3837528
3907400
3793719
3885428
3964863
4683400
4740843
4742196
4693480
4695162
4696452
4743194
4249151
4740844
4736771
4739195
1380182
4743713
4742197
3588703
4743180
1686008
4394108
4156798
3404688
4744022
3642620
3640162
4664306
4666764
1803375
790146
1974984
3743158
4674636
3973827
3901194
3986296
3782635
3902526
3834771
3877540
3970151
3983553
4008309
3789874
3788241
307150
2019053
1458494
256772
3837751
2241579
4686149
2315453
4736772
4075008
4114731
3170955
4743710
4739196
3825786
3975676
4537469
1531427
1828329
1575632
3835733
4014352
4272995
3960752
2093954
3968018
4744163
1795541
2049483
3781735
4666765
4696454
4671831
4669212
4674637
3797600
3845066
3988110
3994643
3892616
3930810
4736773
4664303
4664338
4684641
3892284
4138482
4739197
4703589
2065551
1435495
4740845
3780106
4661857
3923461
4661854
3804769
385229
4045348
4666766
3716349
4669213
4669236
3717536
4671832
4674638
3756557
3858934
3812315
3726813
3855834
3961732
3810486
3832837
3767941
4029345
3898597
3868888
4702587
3828010
1063453
4743196
4675256
4669215
4074489
4736774
194532
4736792
242389
4739198
2292644
4666767
1235941
3131552
4671834
2555820
2456018
3823236
3790479
3799284
4029082
3862946
3728732
3878351
3879227
4742198
4743714
1805406
4744023
2093085
1940015
2071635
1819582
2096426
1771050
1994929
4018351
2962123
1297827
4049572
4677986
4736775
2112155
4680606
3460721
4739199
2125013
4664305
4666768
4669216
2623779
4671835
3155487
4674654
4674653
3251094
3789056
4016374
3791499
3958942
3761339
3952533
3913773
3743019
3851770
3857009
3753776
4026658
3923120
3868850
3798968
4742199
1856487
3406187
1829747
701876
4666769
295043
4677989
660283
4686150
4664308
4102224
3065322
1852644
4736776
4666776
4736812
727866
4674639
3723510
3896540
3903540
3964998
3855039
3750623
3885901
3883893
3791293
3903906
4018736
4686163
4005361
4739200
4691243
3946165
4693481
4695166
4696456
4697287
4742200
2037908
4106388
2179218
4736777
1885227
3858926
2278736
3973380
320672
2788081
3476833
2353101
765729
4666770
4743716
3797008
4666774
4666792
2934172
1527973
3916346
3891429
3716935
3859295
4043448
3728263
3968028
3795065
3952375
3790875
3735174
4025018
3821495
3932234
3767259
4045354
3855568
3781726
3745028
4036221
3868981
1776434
1781960
4688832
4675259
2415279
4140032
4107859
233249
779112
4661855
4664309
4158809
4671836
4674640
3995543
3695580
3841357
3907664
3872815
3718726
3828128
3872866
3782328
3708524
3731788
4683403
4739201
4740847
4691244
4695163
4693482
4742201
4743197
4696457
4697302
4698204
4697886
4743181
4703235
3964509
3797858
3477828
4675255
4736778
4056902
744154
3920818
3558321
599003
3747450
2278259
2005542
4674641
4661865
4664310
2556009
3803035
4669217
4133192
3959538
3985037
3966307
4020781
3818261
4001928
3920274
3916506
3836348
3875225
3957083
4011726
3822418
3718628
4031367
3715038
3847351
3915323
3188450
2448547
2733215
849305
2923037
544209
3820234
4702883
3902765
418929
3874315
3826208
4736788
4496785
4068084
4736779
4740848
2541783
3564128
3721136
4740777
4664311
757290
4674643
4120130
2020904
4742947
4669218
4743717
3796426
3707977
3722091
4012058
3951500
4744031
4144038
4159706
4736780
4742202
452985
4664312
4739204
3346695
868107
4683405
4671837
4674642
2996991
3861756
4032070
3985844
3783867
3924096
3933347
3810611
3968779
3794378
3786489
3810858
3975639
3733112
4006965
4686164
4686151
4740849
4149602
4693483
4743211
4743199
4697315
2821624
2820376
4743222
2484825
4702591
3712243
4742203
4675260
4736781
994228
1928273
3259093
4091630
4740850
4666801
3930908
4463086
3993497
4014824
4739205
910477
1722602
330390
4664313
4666797
2435414
2864350
4743200
4666811
2136118
4743718
2713167
4674645
3789304
3982919
3748859
3838229
4011132
3960212
3807796
3952345
4013787
36994
4702610
4099138
1993941
3129670
4675261
676072
3963249
3198722
4680611
647778
4683406
4686153
4661859
367238
3815072
4664314
4666771
111857
4736791
4671838
4736782
1370725
3815926
3734834
3840888
4011195
3826448
3807609
3766930
4740846
4743201
4743634
4743719
4743724
1829971
4744025
3934921
3887110
3526176
2016502
4675262
3991423
3802335
4736783
4739206
3942981
4162015
3061115
4742205
3150443
2121885
4740851
4143905
2222967
1855664
2669007
4669219
4661882
2436060
4664315
2236928
4666772
3363083
3581424
390750
3594153
4674646
3996576
3858288
3711966
3967839
3732388
4033511
4739207
2442565
2203669
4736784
4691245
3143467
4675263
1031810
1129908
1025961
4677987
4740859
4680609
4664316
4683407
4666773
4661861
4669220
4674647
3833896
3710251
3969076
3864285
3887517
3920593
3938214
3918524
4683424
2942902
4686154
4553476
3876032
4742206
4691249
2357585
2067043
4696449
4697884
1722023
1983758
1568570
4736785
4412507
3418051
4675264
4671846
2678398
4671839
1964730
4661862
4739208
4664317
4680632
4666775
4743202
4683408
711251
3836281
958268
4674648
4674649
3703835
4000524
3966298
3889596
4043321
3834537
3771338
4042994
3811454
3963884
3947349
3788516
363613
3591011
1584499
2587822
1990385
4691246
4736786
2184046
4675265
4688833
4677988
4661863
4739209
4740852
4669221
4680610
4671840
4742207
4683409