1298482
411771
1033739
380587
440389
787335
786559
1479953
1302967
886821
1096149
1305300
1070888
1306724
1059398
1327527
1071133
1071441
1318067
1317976
728655
4157024
1125365
900788
4101242
1317476
413570
1334112
1056685
818072
1322343
910513
1319886
1136371
750961
1334964
1322381
1320855
1321027
1324571
973263
1339088
1098000
682266
1339018
419187
1342103
845319
1331590
1107383
1340689
1070366
819202
1335422
846786
1138936
526011
336707
1328839
1488911
1150234
1338878
812111
607925
1341196
457238
1305423
1484827
1296654
555255
1339081
1109546
1486306
880873
1307331
1097660
616464
1074969
416348
1321571
529887
1111091
417004
847074
847415
847044
555390
1130805
1315897
1070791
1341338
4107969
1298861
875366
585084
1056884
1057188
1098009
1299074
447530
417100
473799
1072261
1037245
1331719
482712
1342145
1107664
985144
1098147
448439
717513
758788
1301834
1098137
847668
1332493
696031
1310433
327431
794270
312533
1307691
1308655
1134906
1488335
1084327
449588
422742
1335002
4120304
822610
1148263
925291
845679
1318522
1057057
1489769
1322919
1306926
1088128
1084558
1056902
417581
1493737
1007337
1305811
400955
365391
785181
602678
1299300
909311
1008439
1306643
1494559
973950
4101288
1098174
1482651
1307690
4123727
974613
826691
819658
1312342
1152378
357699
1138530
1320906
727138
821480
1066594
726849
4118178
437107
1492195
1084640
1342227
720930
694422
1299475
720941
1314998
558096
1315129
455551
728051
1084436
1120097
367201
846365
1057169
950318
1125216
1310486
461628
1493915
356221
713537
1125141
1084541
1123456
346872
1338109
1337272
875008
1300259
1098053
1325759
514416
475112
1319672
1320143
1320315
1111621
1326067
347028
1329677
475118
475528
643477
1322444
1321198
722512
562292
4121032
783604
1020334
792648
1298075
1341001
1340604
1340702
1152095
1297747
1152423
1296997
1301373
462764
836779
792892
1073828
463049
1150515
491237
495281
1057194
1327329
1308280
299006
1327525
757402
298553
1300643
1309092
1337143
851554
863552
1057323
422850
347279
1318846
1494831
425153
382133
1093072
465612
741662
1057273
1298316
927335
4136381
680042
1299024
588204
721648
714267
1325651
347443
736779
855031
481109
429898
482125
1057602
4136387
1121766
1084570
1338782
627409
841788
374204
4101847
1338810
1339009
1098183
4110340
1296839
1340415
368423
1340981
877081
857703
857701
426546
800960
635618
1028250
4108370
471722
485051
1104883
1082109
870068
1307636
1307620
1134737
437095
4111513
982795
1057285
1493019
858298
484444
1095449
1143379
4115459
303469
507066
1316524
1317540
1340618
1057222
1318004
1332221
1325470
853952
740551
798780
411636
589054
1067031
484846
427668
841530
767202
858941
1303216
1331995
1303768
723770
626788
1484205
1332980
1332749
319676
973487
1337958
1334045
1335173
1120970
1339823
874749
431070
805666
4103800
4103479
997151
1111508
805970
849484
1085144
1143493
798440
456842
1336020
1301556
927737
372428
476009
992553
476479
1301769
4104716
360765
476818
1078699
431691
851255
436858
374048
839512
1118538
803324
780703
851585
434654
1045694
478809
1056152
1307453
1319103
1308554
743554
576919
479283
1032770
4101846
747976
854553
480843
679989
623579
854975
481343
855090
1334398
949497
481826
600522
978972
503973
482173
1314591
488671
482336
1302848
806669
830087
1304956
1110539
1084727
1061850
818274
829857
915828
829550
473786
816129
4108029
1066654
1300883
441826
815972
441063
814948
486037
902030
442488
1318055
898416
817540
1066710
1327316
785228
1092476
359552
881308
383568
671203
1307983
1330064
822228
1079335
1330348
1043990
1121075
1304873
1304926
429269
1122082
1319412
1066790
1124654
1308154
1148426
1306902
1308230
1307404
586245
1051505
4114832
484164
558758
1064493
811563
1338881
751029
694582
667609
1320021
406596
1318324
1022870
724060
349965
1318536
349991
619872
818368
631820
1125792
1318483
1084680
1082516
1043215
562864
588917
354414
472534
797208
857704
1334648
431200
391872
1313202
1076746
1084780
1313332
487064
673237
487499
1120898
431419
861397
444232
588309
1107945
320653
671304
1059427
1070417
811631
1322103
536218
432881
464238
1316974
1098312
4117645
920517
1108076
488942
1318031
1317691
1121151
722700
564388
4134240
1298776
1105437
851022
1125535
951057
735044
496062
1097209
390618
1080531
1094039
1039985
1065027
490682
1327622
4166681
582319
771971
1319221
403586
987862
864088
807503
1711921
865907
1320683
458358
607511
1138766
491703
1147528
366065
1343059
649747
1330781
1037705
447894
1323033
1016686
745002
1125252
1306488
1320825
962507
1320775
610718
752820
866272
331995
762866
1091538
977668
1077604
1144882
1298980
1343010
1342793
373639
645083
541621
1121001
1151623
989119
390978
399917
1110648
407520
1306704
878653
1112050
425054
636166
869731
973057
1307722
505232
591462
1337106
1001527
320046
824609
635308
435024
809447
1325033
530338
319160
479702
1107704
804278
379652
941993
904726
4110363
868698
1336292
923008
831513
1069416
1327426
451675
350019
871291
1083840
1132420
969885
896140
1150286
1487961
1056714
1328604
585641
1056284
1148202
483376
393913
573154
565371
826274
1097186
1135010
1094126
1110879
1325927
1325711
1327752
864592
1328551
436364
878178
711465
1080846
1307383
1097710
1314225
856989
1138468
1031952
1067286
879633
879661
1080927
915171
1138256
337543
1119595
457634
1139415
1315759
1097308
1053324
457998
1056311
1153078
459994
1103942
462141
834757
461528
460994
834829
835555
838016
1104197
374313
1104489
1339379
1329916
1331434
882072
1002060
1331440
1080932
4134246
351028
471037
520895
471470
1135143
845725
471775
471337
1331225
1138569
845983
1138461
1490157
991971
1070187
1135258
883134
474218
437557
1118722
1067245
849912
1121583
1297375
1063150
476263
615543
852064
478118
576544
852169
851815
1067262
1152002
883488
526341
1339011
1124835
986442
1108087
1152018
4102462
480354
1333290
4113028
1328561
1037260
1135359
858625
815312
862657
862564
1112410
1112544
1122524
1094654
1323960
1053427
489676
1318639
794275
512075
1083797
863661
812967
441775
365047
885041
491329
885008
511485
511396
791016
493580
1494501
1111040
1121746
512407
1483513
1056872
1151753
528172
1138429
1139527
1321776
1334556
1071341
813087
494849
1334919
1307147
1091020
1318633
1081056
1150302
859676
889448
925824
1095951
491217
1485214
4111547
527062
396104
1339713
1332495
492511
765687
1135279
1139700
1121629
417040
584124
1316046
1055231
1067191
498958
1135225
498961
492549
492562
1312525
1338749
1138580
4107429
1115899
1024428
344420
832977
573040
1051139
1341538
4168530
1299803
1298622
1297898
1330257
1342564
1070610
1056578
689623
1106115
1090730
1489369
768621
635215
4102574
877754
4167545
1307944
1070184
427355
493389
904005
1042066
880133
1128486
1125826
316449
1303789
896227
530987
694104
689865
1334340
1053639
1115126
561767
465598
1306512
1112208
643516
586009
1001651
1330311
1063814
705704
899588
1331682
4109272
1333051
4107438
1332983
1138187
884538
1308394
668391
1308784
518652
723351
382956
1342767
1302346
1337700
1337809
1337688
997973
1119805
4107439
1311749
1311835
1310761
725053
804313
1340654
888937
1312133
1035028
1486125
1098808
1317071
1078548
1139959
1139733
518068
1089540
869360
495756
1331377
1319829
907209
1125988
621051
893839
893992
520023
1340740
532984
520452
791839
907898
894783
1318345
894791
521482
1048776
4122119
521065
1058302
496385
536166
535426
522394
1139928
1085246
540980
541811
1153203
1310103
1310105
897643
667703
918709
1321530
3999414
402313
1099031
546702
1331538
405450
1085493
924013
526913
901135
718248
4163066
4106958
527327
901480
633789
901923
901937
1058214
1058898
1308100
694847
508859
490281
1058250
1340947
470960
536630
529493
529477
1085098
904012
503314
530557
904792
648513
1144537
531226
1324955
1325919
1002991
1320191
1090136
905524
531596
1321684
928995
1095022
532095
906175
1076203
930634
1327372
778630
538222
1124509
780014
1072025
1327576
934008
563182
563073
526585
936729
841314
728071
533637
1072018
897607
1058277
908257
1328243
4167659
1484460
944863
1342514
4101550
1482418
1297284
534537
908482
1135714
1298185
1067990
367353
477487
799592
697788
4101292
1143225
326673
1121887
1125930
409718
1103221
1330092
1330866
1331951
1331723
911024
351344
550075
498121
1039625
1311112
419653
1099157
783908
1336191
590578
886085
1339951
351567
690742
579069
1066783
480239
854645
1310536
1139994
421552
1325628
4112186
1137431
1303968
1135827
1127229
1099227
1342885
753782
1085647
1296745
890579
1296981
517120
683686
592850
1143927
1098577
703816
1334193
1301517
486459
1112830
445125
1299613
1063369
969531
1112827
585038
1302298
596056
4102610
1313719
1313111
2231023
1120362
1309324
726209
1304888
1309721
491773
324123
876061
324208
962232
4167669
885566
4101858
963351
1099595
1869043
1001506
330870
352307
625579
963638
489838
635134
1119706
1313422
791008
1312285
1313295
722874
352378
965115
1800128
1089274
1308923
1308779
1307931
1313375
1094675
1301458
1150837
1298885
1321140
1032634
812847
1315329
1315073
548219
604499
1486300
1491440
1317383
1121721
1135581
784407
1320559
922840
1318908
1318781
1320024
1107605
1477723
549324
4112194
1299486
1308581
1331480
637722
583287
1105591
980986
785153
1067584
1322586
608217
944295
926633
1110908
4112197
926899
1339457
387787
553530
670393
561951
1305139
928202
304954
621281
554909
555369
445284
1069938
1112692
871664
1325009
297773
1135736
555923
1478472
632527
930276
1135783
1113908
612741
612761
612543
1113716
930466
560237
1323751
1067755
1145692
1327409
763684
958534
303910
774368
993698
678430
558469
558646
621200
1299811
994364
840330
682898
1117397
716703
559104
623371
558961
933007
559355
311075
1479420
933096
933164
4136679
379512
1306300
442485
1327841
772578
1065826
501165
1329196
692884
692949
561143
935553
318359
880400
1332806
1077274
4167565
631722
635951
1110775
561405
1319717
4167683
1053836
1330237
1304774
386368
1054140
783951
721626
1307089
1059481
512876
378715
1317930
352765
1108665
937330
316822
1141030
1318759
1334353
1067735
561217
1117202
1122379
982303
1072820
445902
989817
566195
1122613
1335344
425254
1148489
1337427
1327034
1082113
570007
566320
732664
1324543
727027
352830
1319464
330543
1332350
1055337
1024556
785141
709725
1300410
1333136
1073190
1324565
567013
1326888
816682
952479
941466
1304322
4166699
1334959
1069385
1025916
568299
333620
333483
1297447
1297791
879158
1320376
497704
334147
4102151
1320301
352886
760769
317420
704148
436942
1054045
1297960
880925
957063
4106976
1298752
1297974
570471
944158
661655
1299101
1302421
1301799
1046178
570491
714168
1070651
1304508
721507
1302727
1304779
1305884
572119
1307856
1307008
946183
946471
1309981
1312248
727586
1128370
1312520
1312897
663382
1311521
1314112
4139195
573705
668289
668253
574098
947847
503126
735198
1319677
948504
574602
1322539
772622
819573
1308714
366421
377193
748695
745764
882654
1323605
727618
528618
1305505
711453
711458
711455
935876
1066359
1150539
584248
864339
442837
1300687
1299827
4111036
1298468
1067846
1122349
975593
1324994
803597
1325036
1090624
353452
1302641
1306717
1307838
457175
649559
353788
1091830
711527
621057
1333142
955837
620699
1136114
574432
354232
337973
1334609
459266
568581
953856
402210
1323900
1093015
1092936
354398
580173
1302270
1328401
714738
1335960
1306696
340732
1320527
1322705
1126980
1327357
1333903
1325155
1083485
716074
955833
782265
1335277
407749
592795
1299246
1335839
1298706
699933
4120688
1342683
1296747
967308
1301172
1302770
646412
409961
969390
897677
1299226
773989
599757
596194
532999
1121570
599585
1108823
783435
1307199
792428
1328619
1095276
418170
1309110
1308454
957602
584098
1328724
1328796
419120
974443
584506
584538
1318870
419219
420624
795278
419156
959435
976224
1322185
1323586
492003
1324044
1328849
586537
586577
425855
1333015
1476583
1332432
1333619
1331765
430405
800687
804834
609780
805091
986051
1105525
432136
1094951
809329
433975
1081373
1301720
1299433
1074922
932772
410332
1148930
1133050
987444
1303515
1054153
1150309
503771
1306414
1045279
1306567
1306127
1151204
1306149
1300248
1040642
4102350
988939
796471
1126099
1316600
1332439
1045092
1309453
1309485
381409
1481710
1005665
1311500
573636
326416
1343092
490253
1476228
1317077
621238
728606
504818
4110430
1333993
880930
641863
1321775
1153015
1329767
1068085
1329997
1342396
885413
1341463
1341254
1342944
1338583
1340241
1338760
668181
1085133
1101634
1008338
937056
1011535
638672
1071605
813106
1133924
1305504
646467
1085990
1082154
492053
1312088
1309295
512351
1063086
1308851
4109309
1315240
729049
354957
887289
513223
1309447
513180
513261
886876
354671
1337118
610406
305733
912708
1314350
1321045
353868
949878
844336
1323410
761625
1125297
1328221
1316290
1320986
1331563
642816
1016423
1333332
1333303
446847
594349
1336257
1333128
595742
447224
1046522
970782
4102321
997774
1314281
423841
1020135
1315327
1020190
1300760
1481691
1489087
927139
1486539
970916
1306850
1303025
970898
1310201
971299
1310631
1311367
1311679
889483
1312945
1312498
1311921
1314163
1322650
1482299
1325662
599144
1326363
1024166
1144934
1328521
1327418
599384
621256
1083526
1324645
1330746
652312
1306358
1333169
955119
4108472
1327140
306689
398348
1336271
706551
340150
1339737
1335460
1112078
1114262
1325771
4107493
1124890
702781
621004
745206
411559
976060
1339071
745829
4101560
802183
656168
585435
1301570
1301687
609203
889914
889400
890812
1069682
1328409
515511
301776
676322
741868
1311554
4122012
1297727
1335087
1297752
1297710
1054451
470363
1488908
1094292
4110177
997955
1322348
829718
1323237
504483
605172
982310
1118463
375994
1327654
538940
345819
345828
1027008
1335011
1335105
1341903
1041658
1343193
1297104
1302355
1316823
1300476
671063
500194
610128
609012
1303645
1304425
1119248
1308283
1308360
1311832
1310592
1312823
610763
1317371
1318322
1022441
1066059
353069
1488768
297225
297599
297647
984773
1323711
1325584
298848
298849
1327969
1329938
1329368
569339
1334394
1337376
1336814
299809
1040802
1339578
675318
678825
1325508
1341394
972876
1489848
1479577
1490774
540110
308900
685910
685915
613370
1480731
1493695
1490697
1040841
1480574
1483196
893881
895709
893874
1122489
749770
732957
614864
1335238
375329
690216
1090612
1336859
1342366
617175
1307111
689903
1332180
896091
357803
1494102
895755
576251
1335367
524475
895773
898599
1311385
740120
1064284
570515
617602
703079
522482
1335442
1480384
470169
743147
606567
992425
676217
675629
366427
1297483
1332818
524322
1493576
578165
524033
330064
1324124
619525
1317711
660488
619883
742279
1310248
800952
899880
660077
410402
1479438
805235
899922
746379
924415
419376
1102446
1319729
1489931
1492426
1108162
325434
305210
504143
763472
1484871
714678
526846
4167741
306509
1297214
698036
758823
609491
1096089
422185
1106465
698846
622061
326852
325492
622257
307412
307626
682861
701266
1341218
4136586
1300387
582755
702703
1082193
702616
328205
434179
1329402
704874
539184
684377
1306409
624450
1048646
355673
707711
333487
1304409
311832
1080058
729855
1040945
305279
363807
1309446
1490487
334987
387186
4120398
686678
524478
687477
4167747
357388
710851
352207
400126
1298425
1300147
1493060
1301089
1301134
1131854
550834